start=1292.920000
volume=14.000000
