start=3.212000
volume=112.000000
