start=836.667000
pause=yes
volume=96.000000
sid=2
