start=22.480000
pause=yes
volume=118.000000
