start=1335.247000
volume=44.000000
aid=2
