start=1374.947000
volume=78.000000
fullscreen=yes
aid=4
sid=no
