start=8.480000
pause=yes
volume=110.000000
