start=449.979000
volume=82.000000
aid=1
