start=5095.708000
pause=yes
volume=72.000000
