start=487.362000
volume=50.000000
aid=2
sid=1
