start=0.840000
volume=8.000000
