start=1135.885000
volume=10.000000
