start=24.129935
volume=56.000000
