start=7408.438000
volume=0.000000
