start=846.846000
volume=54.000000
