start=1.175000
volume=34.000000
fullscreen=yes
aid=2
sid=no
