start=3479.967304
volume=116.000000
