start=1524.759444
volume=16.000000
