start=606.367000
volume=156.000000
aid=2
