start=2451.160000
volume=36.000000
