start=51.727587
volume=42.000000
