start=1263.929000
volume=108.000000
