start=600.016000
volume=84.000000
fullscreen=yes
