start=208.541667
pause=yes
volume=0.000000
