start=1807.764000
volume=52.000000
fullscreen=yes
