start=2202.066000
volume=100.000000
sid=1
