start=269.686000
volume=10.000000
aid=1
sid=1
