start=920.560000
volume=2.000000
