start=260.579451
volume=88.000000
