start=6091.917000
volume=90.000000
sid=1
