start=1260.050458
volume=42.000000
