start=143.726911
volume=60.000000
fullscreen=yes
