start=180.942056
volume=32.000000
