start=286.160000
volume=38.000000
