start=2735.250000
volume=20.000000
sid=no
