start=72.585740
volume=58.000000
