start=1285.800000
volume=98.000000
