start=5.046700
volume=86.000000
