start=24.209688
pause=yes
volume=66.000000
