start=86.115145
volume=76.000000
