start=1434.933500
volume=58.000000
fullscreen=yes
