start=2684.140000
volume=100.000000
saturation=1
