start=43.666667
volume=128.000000
fullscreen=yes
