start=1285.367411
volume=170.000000
