start=7243.458000
volume=100.000000
