start=778.820000
volume=56.000000
fullscreen=yes
aid=2
sid=2
