start=2547.503000
volume=88.000000
