start=1.481000
volume=30.000000
