start=2803.801000
volume=18.000000
