start=2134.632000
volume=2.000000
