start=613.946000
pause=yes
volume=64.000000
sid=2
