start=122.958000
volume=24.000000
sub-visibility=no
