start=270.729000
pause=yes
volume=34.000000
aid=2
sid=1
