start=2542.874000
volume=88.000000
