start=18.966667
volume=70.000000
