start=26.366667
volume=104.000000
fullscreen=yes
