start=1346.637000
volume=64.000000
