start=1.875000
volume=28.000000
