start=734.960516
volume=114.000000
