start=2178.802000
volume=6.000000
