start=2541.456000
volume=106.000000
