start=1468.166667
pause=yes
volume=116.000000
