start=1222.930042
volume=18.000000
