start=967.923000
pause=yes
volume=100.000000
