start=27.478462
volume=50.000000
