start=337.393700
volume=0.000000
