start=32.408552
volume=32.000000
