start=1511.700000
volume=180.000000
fullscreen=yes
