start=1398.482000
volume=26.000000
