start=70.732551
volume=62.000000
