start=224.835548
volume=28.000000
