start=199.208000
volume=54.000000
aid=1
sid=3
