start=1374.366000
volume=0.000000
