start=2079.933333
volume=132.000000
