start=88.547000
pause=yes
volume=24.000000
