start=1174.333333
pause=yes
volume=6.000000
