start=610.242967
pause=yes
volume=12.000000
