start=2073.363000
pause=yes
volume=100.000000
fullscreen=yes
aid=2
