start=1278.033333
volume=18.000000
