start=315.383813
pause=yes
volume=74.000000
