start=63.350000
pause=yes
volume=40.000000
