start=1164.333333
volume=10.000000
