start=3943.356000
volume=48.000000
sid=1
