start=89.646276
volume=98.000000
