start=577.081000
volume=0.000000
aid=2
