start=106.812384
volume=62.000000
