start=1347.554000
volume=88.000000
