start=1292.166000
volume=42.000000
