start=81.687000
volume=28.000000
aid=2
