start=939.605000
volume=58.000000
aid=2
sid=2
