start=3731.978000
volume=74.000000
