start=1473.700000
volume=164.000000
