start=391.447756
volume=4.000000
fullscreen=yes
