start=15.215200
volume=60.000000
