start=268.006317
volume=22.000000
