start=1238.440000
volume=10.000000
