start=1544.667000
volume=84.000000
