start=1474.639833
pause=yes
volume=48.000000
