start=47.701000
volume=100.000000
sid=no
