start=375.909000
volume=44.000000
