start=5624.396000
pause=yes
volume=40.000000
