start=975.800000
volume=8.000000
