start=1355.187000
pause=yes
volume=54.000000
