start=1273.896878
volume=26.000000
