start=5157.833000
volume=26.000000
