start=2564.020000
volume=34.000000
