start=180.250000
volume=44.000000
