start=167.751000
volume=130.000000
fullscreen=yes
