start=12.490000
pause=yes
volume=114.000000
