start=732.806000
pause=yes
volume=20.000000
