start=448.823000
volume=210.000000
fullscreen=yes
