start=420.920000
pause=yes
volume=60.000000
aid=2
sid=3
