start=4502.461000
pause=yes
volume=100.000000
fullscreen=yes
sid=3
