start=35.960000
volume=50.000000
fullscreen=yes
aid=2
