start=19.218036
volume=102.000000
