start=342.916667
volume=38.000000
fullscreen=yes
