start=957.708000
volume=62.000000
fullscreen=yes
