start=1671.869405
volume=16.000000
