start=4660.155000
pause=yes
volume=18.000000
