start=1347.054333
volume=4.000000
fullscreen=yes
