start=2747.200000
volume=6.000000
