start=2.410000
pause=yes
volume=36.000000
