start=1287.661000
volume=154.000000
