start=0.083411
pause=yes
volume=36.000000
