start=268.936000
volume=16.000000
sid=1
