start=460.560100
volume=0.000000
