start=83.896000
volume=18.000000
