start=546.987000
volume=136.000000
aid=4
sid=1
