start=1269.851911
volume=200.000000
