start=25.480000
volume=126.000000
