start=1.251000
volume=40.000000
