start=3496.433000
pause=yes
volume=54.000000
aid=2
