start=23022.272433
volume=32.000000
