start=256.278000
volume=40.000000
aid=2
