start=16.291667
volume=36.000000
