start=131.166239
volume=44.000000
