start=1731.888556
volume=0.000000
