start=91.715139
volume=74.000000
