start=3716.775000
pause=yes
volume=102.000000
