start=2131.504000
volume=96.000000
