start=3668.300000
volume=76.000000
fullscreen=yes
