start=16.159828
volume=100.000000
