start=16.716717
volume=102.000000
