start=10861.133333
speed=1.771561
volume=100.000000
sid=no
