start=478.167811
volume=36.000000
