start=266.146000
volume=100.000000
sid=no
