start=74.598323
volume=36.000000
