start=30.833000
volume=98.000000
