start=10278.417000
volume=152.000000
sid=no
