start=2507.505000
volume=38.000000
