start=123.524646
pause=yes
volume=42.000000
