start=86.264644
volume=32.000000
