start=386.933333
volume=36.000000
