start=1407.100000
volume=160.000000
