start=1322.327000
volume=4.000000
