start=72.706971
volume=28.000000
