start=290.200000
volume=4.000000
