start=7669.458000
volume=64.000000
