start=73.533333
volume=172.000000
fullscreen=yes
