start=7.369521
volume=102.000000
