start=382.215167
pause=yes
volume=134.000000
