start=4650.521000
volume=94.000000
sid=1
