start=2545.376000
volume=100.000000
