start=5730.892000
volume=56.000000
sid=1
