start=222.556000
volume=92.000000
fullscreen=yes
