start=383.966917
volume=38.000000
