start=43.300000
volume=74.000000
